TICKET DE COMPRA 409371943
----------------------------------------------
#Producto	Cantidad	Nombre	Precio	Total
4	20	agua	12.000000	240.000000
4	0	agua	12.000000	0.000000
Subtotal:240.000000
IVA:19.200000
Total:259.200000----------------------------------------------
¡GRACIAS POR SU COMPRA, VUELVE PRONTO!
----------------------------------------------

TICKET DE COMPRA 1924412971
----------------------------------------------
#Producto	Cantidad	Nombre	Precio	Total
0	20	coca	15.000000	300.000000
0	0	coca	15.000000	0.000000
0	0	coca	15.000000	0.000000
0	0	coca	15.000000	0.000000
3	20	galletas	22.000000	440.000000
3	0	galletas	22.000000	0.000000
0	0	coca	15.000000	0.000000
0	0	coca	15.000000	0.000000
0	0	coca	15.000000	0.000000
0	0	coca	15.000000	0.000000
2	20	pan	20.000000	400.000000
2	0	pan	20.000000	0.000000
3	0	galletas	22.000000	0.000000
3	0	galletas	22.000000	0.000000
2	0	pan	20.000000	0.000000
2	0	pan	20.000000	0.000000
1	20	leche	15.000000	300.000000
1	0	leche	15.000000	0.000000
Subtotal:1440.000000
IVA:115.200000
Total:1555.200000----------------------------------------------
¡GRACIAS POR SU COMPRA, VUELVE PRONTO!
----------------------------------------------

TICKET DE COMPRA 379676763
----------------------------------------------
#Producto	Cantidad	Nombre	Precio	Total
4	0	agua	12.000000	0.000000
4	0	agua	12.000000	0.000000
0	0	coca	15.000000	0.000000
0	0	coca	15.000000	0.000000
2	0	pan	20.000000	0.000000
2	0	pan	20.000000	0.000000
2	0	pan	20.000000	0.000000
2	0	pan	20.000000	0.000000
4	0	agua	12.000000	0.000000
4	0	agua	12.000000	0.000000
4	0	agua	12.000000	0.000000
4	0	agua	12.000000	0.000000
0	0	coca	15.000000	0.000000
0	0	coca	15.000000	0.000000
0	0	coca	15.000000	0.000000
0	0	coca	15.000000	0.000000
0	0	coca	15.000000	0.000000
0	0	coca	15.000000	0.000000
3	0	galletas	22.000000	0.000000
3	0	galletas	22.000000	0.000000
1	0	leche	15.000000	0.000000
1	0	leche	15.000000	0.000000
4	0	agua	12.000000	0.000000
4	0	agua	12.000000	0.000000
1	0	leche	15.000000	0.000000
1	0	leche	15.000000	0.000000
4	0	agua	12.000000	0.000000
4	0	agua	12.000000	0.000000
0	0	coca	15.000000	0.000000
0	0	coca	15.000000	0.000000
0	0	coca	15.000000	0.000000
0	0	coca	15.000000	0.000000
Subtotal:0.000000
IVA:0.000000
Total:0.000000----------------------------------------------
¡GRACIAS POR SU COMPRA, VUELVE PRONTO!
----------------------------------------------

TICKET DE COMPRA 379676763
----------------------------------------------
#Producto	Cantidad	Nombre	Precio	Total
4	0	agua	12.000000	0.000000
4	0	agua	12.000000	0.000000
0	0	coca	15.000000	0.000000
0	0	coca	15.000000	0.000000
2	0	pan	20.000000	0.000000
2	0	pan	20.000000	0.000000
2	0	pan	20.000000	0.000000
2	0	pan	20.000000	0.000000
4	0	agua	12.000000	0.000000
4	0	agua	12.000000	0.000000
4	0	agua	12.000000	0.000000
4	0	agua	12.000000	0.000000
0	0	coca	15.000000	0.000000
0	0	coca	15.000000	0.000000
0	0	coca	15.000000	0.000000
0	0	coca	15.000000	0.000000
0	0	coca	15.000000	0.000000
0	0	coca	15.000000	0.000000
3	0	galletas	22.000000	0.000000
3	0	galletas	22.000000	0.000000
1	0	leche	15.000000	0.000000
1	0	leche	15.000000	0.000000
4	0	agua	12.000000	0.000000
4	0	agua	12.000000	0.000000
1	0	leche	15.000000	0.000000
1	0	leche	15.000000	0.000000
4	0	agua	12.000000	0.000000
4	0	agua	12.000000	0.000000
0	0	coca	15.000000	0.000000
0	0	coca	15.000000	0.000000
0	0	coca	15.000000	0.000000
0	0	coca	15.000000	0.000000
Subtotal:0.000000
IVA:0.000000
Total:0.000000----------------------------------------------
¡GRACIAS POR SU COMPRA, VUELVE PRONTO!
----------------------------------------------

TICKET DE COMPRA 312405591
----------------------------------------------
#Producto	Cantidad	Nombre	Precio	Total
0	0	coca	15.000000	0.000000
0	0	coca	15.000000	0.000000
3	0	galletas	22.000000	0.000000
3	0	galletas	22.000000	0.000000
3	0	galletas	22.000000	0.000000
3	0	galletas	22.000000	0.000000
3	0	galletas	22.000000	0.000000
3	0	galletas	22.000000	0.000000
4	0	agua	12.000000	0.000000
4	0	agua	12.000000	0.000000
3	0	galletas	22.000000	0.000000
3	0	galletas	22.000000	0.000000
4	0	agua	12.000000	0.000000
4	0	agua	12.000000	0.000000
0	0	coca	15.000000	0.000000
0	0	coca	15.000000	0.000000
2	0	pan	20.000000	0.000000
2	0	pan	20.000000	0.000000
1	0	leche	15.000000	0.000000
1	0	leche	15.000000	0.000000
4	0	agua	12.000000	0.000000
4	0	agua	12.000000	0.000000
4	0	agua	12.000000	0.000000
4	0	agua	12.000000	0.000000
2	0	pan	20.000000	0.000000
2	0	pan	20.000000	0.000000
3	0	galletas	22.000000	0.000000
3	0	galletas	22.000000	0.000000
3	0	galletas	22.000000	0.000000
3	0	galletas	22.000000	0.000000
1	0	leche	15.000000	0.000000
1	0	leche	15.000000	0.000000
0	0	coca	15.000000	0.000000
0	0	coca	15.000000	0.000000
2	0	pan	20.000000	0.000000
2	0	pan	20.000000	0.000000
3	0	galletas	22.000000	0.000000
3	0	galletas	22.000000	0.000000
1	0	leche	15.000000	0.000000
1	0	leche	15.000000	0.000000
Subtotal:0.000000
IVA:0.000000
Total:0.000000----------------------------------------------
¡GRACIAS POR SU COMPRA, VUELVE PRONTO!
----------------------------------------------

TICKET DE COMPRA 312405591
----------------------------------------------
#Producto	Cantidad	Nombre	Precio	Total
0	0	coca	15.000000	0.000000
0	0	coca	15.000000	0.000000
3	0	galletas	22.000000	0.000000
3	0	galletas	22.000000	0.000000
3	0	galletas	22.000000	0.000000
3	0	galletas	22.000000	0.000000
3	0	galletas	22.000000	0.000000
3	0	galletas	22.000000	0.000000
4	0	agua	12.000000	0.000000
4	0	agua	12.000000	0.000000
3	0	galletas	22.000000	0.000000
3	0	galletas	22.000000	0.000000
4	0	agua	12.000000	0.000000
4	0	agua	12.000000	0.000000
0	0	coca	15.000000	0.000000
0	0	coca	15.000000	0.000000
2	0	pan	20.000000	0.000000
2	0	pan	20.000000	0.000000
1	0	leche	15.000000	0.000000
1	0	leche	15.000000	0.000000
4	0	agua	12.000000	0.000000
4	0	agua	12.000000	0.000000
4	0	agua	12.000000	0.000000
4	0	agua	12.000000	0.000000
2	0	pan	20.000000	0.000000
2	0	pan	20.000000	0.000000
3	0	galletas	22.000000	0.000000
3	0	galletas	22.000000	0.000000
3	0	galletas	22.000000	0.000000
3	0	galletas	22.000000	0.000000
1	0	leche	15.000000	0.000000
1	0	leche	15.000000	0.000000
0	0	coca	15.000000	0.000000
0	0	coca	15.000000	0.000000
2	0	pan	20.000000	0.000000
2	0	pan	20.000000	0.000000
3	0	galletas	22.000000	0.000000
3	0	galletas	22.000000	0.000000
1	0	leche	15.000000	0.000000
1	0	leche	15.000000	0.000000
Subtotal:0.000000
IVA:0.000000
Total:0.000000----------------------------------------------
¡GRACIAS POR SU COMPRA, VUELVE PRONTO!
----------------------------------------------

TICKET DE COMPRA 319247075
----------------------------------------------
#Producto	Cantidad	Nombre	Precio	Total
0	0	coca	15.000000	0.000000
0	0	coca	15.000000	0.000000
3	0	galletas	22.000000	0.000000
3	0	galletas	22.000000	0.000000
4	0	agua	12.000000	0.000000
4	0	agua	12.000000	0.000000
1	0	leche	15.000000	0.000000
1	0	leche	15.000000	0.000000
4	0	agua	12.000000	0.000000
4	0	agua	12.000000	0.000000
4	0	agua	12.000000	0.000000
4	0	agua	12.000000	0.000000
3	0	galletas	22.000000	0.000000
3	0	galletas	22.000000	0.000000
1	0	leche	15.000000	0.000000
1	0	leche	15.000000	0.000000
2	0	pan	20.000000	0.000000
2	0	pan	20.000000	0.000000
4	0	agua	12.000000	0.000000
4	0	agua	12.000000	0.000000
4	0	agua	12.000000	0.000000
4	0	agua	12.000000	0.000000
2	0	pan	20.000000	0.000000
2	0	pan	20.000000	0.000000
3	0	galletas	22.000000	0.000000
3	0	galletas	22.000000	0.000000
2	0	pan	20.000000	0.000000
2	0	pan	20.000000	0.000000
1	0	leche	15.000000	0.000000
1	0	leche	15.000000	0.000000
1	0	leche	15.000000	0.000000
1	0	leche	15.000000	0.000000
Subtotal:0.000000
IVA:0.000000
Total:0.000000----------------------------------------------
¡GRACIAS POR SU COMPRA, VUELVE PRONTO!
----------------------------------------------

TICKET DE COMPRA 2087966221
----------------------------------------------
#Producto	Cantidad	Nombre	Precio	Total
1	0	leche	15.000000	0.000000
1	0	leche	15.000000	0.000000
0	0	coca	15.000000	0.000000
0	0	coca	15.000000	0.000000
3	0	galletas	22.000000	0.000000
3	0	galletas	22.000000	0.000000
2	0	pan	20.000000	0.000000
2	0	pan	20.000000	0.000000
4	0	agua	12.000000	0.000000
4	0	agua	12.000000	0.000000
3	0	galletas	22.000000	0.000000
3	0	galletas	22.000000	0.000000
3	0	galletas	22.000000	0.000000
3	0	galletas	22.000000	0.000000
4	0	agua	12.000000	0.000000
4	0	agua	12.000000	0.000000
2	0	pan	20.000000	0.000000
2	0	pan	20.000000	0.000000
1	0	leche	15.000000	0.000000
1	0	leche	15.000000	0.000000
3	0	galletas	22.000000	0.000000
3	0	galletas	22.000000	0.000000
3	0	galletas	22.000000	0.000000
3	0	galletas	22.000000	0.000000
1	0	leche	15.000000	0.000000
1	0	leche	15.000000	0.000000
2	0	pan	20.000000	0.000000
2	0	pan	20.000000	0.000000
4	0	agua	12.000000	0.000000
4	0	agua	12.000000	0.000000
4	0	agua	12.000000	0.000000
4	0	agua	12.000000	0.000000
0	0	coca	15.000000	0.000000
0	0	coca	15.000000	0.000000
0	0	coca	15.000000	0.000000
0	0	coca	15.000000	0.000000
3	0	galletas	22.000000	0.000000
3	0	galletas	22.000000	0.000000
1	0	leche	15.000000	0.000000
1	0	leche	15.000000	0.000000
0	0	coca	15.000000	0.000000
0	0	coca	15.000000	0.000000
1	0	leche	15.000000	0.000000
1	0	leche	15.000000	0.000000
1	0	leche	15.000000	0.000000
1	0	leche	15.000000	0.000000
0	0	coca	15.000000	0.000000
0	0	coca	15.000000	0.000000
3	0	galletas	22.000000	0.000000
3	0	galletas	22.000000	0.000000
0	0	coca	15.000000	0.000000
0	0	coca	15.000000	0.000000
3	0	galletas	22.000000	0.000000
3	0	galletas	22.000000	0.000000
2	0	pan	20.000000	0.000000
2	0	pan	20.000000	0.000000
4	0	agua	12.000000	0.000000
4	0	agua	12.000000	0.000000
1	0	leche	15.000000	0.000000
1	0	leche	15.000000	0.000000
0	0	coca	15.000000	0.000000
0	0	coca	15.000000	0.000000
2	0	pan	20.000000	0.000000
2	0	pan	20.000000	0.000000
3	0	galletas	22.000000	0.000000
3	0	galletas	22.000000	0.000000
3	0	galletas	22.000000	0.000000
3	0	galletas	22.000000	0.000000
1	0	leche	15.000000	0.000000
1	0	leche	15.000000	0.000000
1	0	leche	15.000000	0.000000
1	0	leche	15.000000	0.000000
3	0	galletas	22.000000	0.000000
3	0	galletas	22.000000	0.000000
3	0	galletas	22.000000	0.000000
3	0	galletas	22.000000	0.000000
4	0	agua	12.000000	0.000000
4	0	agua	12.000000	0.000000
0	0	coca	15.000000	0.000000
0	0	coca	15.000000	0.000000
1	0	leche	15.000000	0.000000
1	0	leche	15.000000	0.000000
3	0	galletas	22.000000	0.000000
3	0	galletas	22.000000	0.000000
2	0	pan	20.000000	0.000000
2	0	pan	20.000000	0.000000
1	0	leche	15.000000	0.000000
1	0	leche	15.000000	0.000000
1	0	leche	15.000000	0.000000
1	0	leche	15.000000	0.000000
1	0	leche	15.000000	0.000000
1	0	leche	15.000000	0.000000
1	0	leche	15.000000	0.000000
1	0	leche	15.000000	0.000000
2	0	pan	20.000000	0.000000
2	0	pan	20.000000	0.000000
0	0	coca	15.000000	0.000000
0	0	coca	15.000000	0.000000
0	0	coca	15.000000	0.000000
0	0	coca	15.000000	0.000000
0	0	coca	15.000000	0.000000
0	0	coca	15.000000	0.000000
1	0	leche	15.000000	0.000000
1	0	leche	15.000000	0.000000
1	0	leche	15.000000	0.000000
1	0	leche	15.000000	0.000000
0	0	coca	15.000000	0.000000
0	0	coca	15.000000	0.000000
2	0	pan	20.000000	0.000000
2	0	pan	20.000000	0.000000
0	0	coca	15.000000	0.000000
0	0	coca	15.000000	0.000000
1	0	leche	15.000000	0.000000
1	0	leche	15.000000	0.000000
0	0	coca	15.000000	0.000000
0	0	coca	15.000000	0.000000
3	0	galletas	22.000000	0.000000
3	0	galletas	22.000000	0.000000
1	0	leche	15.000000	0.000000
1	0	leche	15.000000	0.000000
2	0	pan	20.000000	0.000000
2	0	pan	20.000000	0.000000
4	0	agua	12.000000	0.000000
4	0	agua	12.000000	0.000000
4	0	agua	12.000000	0.000000
4	0	agua	12.000000	0.000000
1	0	leche	15.000000	0.000000
1	0	leche	15.000000	0.000000
0	0	coca	15.000000	0.000000
0	0	coca	15.000000	0.000000
1	0	leche	15.000000	0.000000
1	0	leche	15.000000	0.000000
2	0	pan	20.000000	0.000000
2	0	pan	20.000000	0.000000
3	0	galletas	22.000000	0.000000
3	0	galletas	22.000000	0.000000
2	0	pan	20.000000	0.000000
2	0	pan	20.000000	0.000000
1	0	leche	15.000000	0.000000
1	0	leche	15.000000	0.000000
2	0	pan	20.000000	0.000000
2	0	pan	20.000000	0.000000
0	0	coca	15.000000	0.000000
0	0	coca	15.000000	0.000000
2	0	pan	20.000000	0.000000
2	0	pan	20.000000	0.000000
1	0	leche	15.000000	0.000000
1	0	leche	15.000000	0.000000
3	0	galletas	22.000000	0.000000
3	0	galletas	22.000000	0.000000
2	0	pan	20.000000	0.000000
2	0	pan	20.000000	0.000000
1	0	leche	15.000000	0.000000
1	0	leche	15.000000	0.000000
1	0	leche	15.000000	0.000000
1	0	leche	15.000000	0.000000
2	0	pan	20.000000	0.000000
2	0	pan	20.000000	0.000000
0	0	coca	15.000000	0.000000
0	0	coca	15.000000	0.000000
0	0	coca	15.000000	0.000000
0	0	coca	15.000000	0.000000
4	0	agua	12.000000	0.000000
4	0	agua	12.000000	0.000000
2	0	pan	20.000000	0.000000
2	0	pan	20.000000	0.000000
1	0	leche	15.000000	0.000000
1	0	leche	15.000000	0.000000
2	0	pan	20.000000	0.000000
2	0	pan	20.000000	0.000000
4	0	agua	12.000000	0.000000
4	0	agua	12.000000	0.000000
1	0	leche	15.000000	0.000000
1	0	leche	15.000000	0.000000
0	0	coca	15.000000	0.000000
0	0	coca	15.000000	0.000000
0	0	coca	15.000000	0.000000
0	0	coca	15.000000	0.000000
2	0	pan	20.000000	0.000000
2	0	pan	20.000000	0.000000
3	0	galletas	22.000000	0.000000
3	0	galletas	22.000000	0.000000
4	0	agua	12.000000	0.000000
4	0	agua	12.000000	0.000000
1	0	leche	15.000000	0.000000
1	0	leche	15.000000	0.000000
1	0	leche	15.000000	0.000000
1	0	leche	15.000000	0.000000
2	0	pan	20.000000	0.000000
2	0	pan	20.000000	0.000000
3	0	galletas	22.000000	0.000000
3	0	galletas	22.000000	0.000000
4	0	agua	12.000000	0.000000
4	0	agua	12.000000	0.000000
3	0	galletas	22.000000	0.000000
3	0	galletas	22.000000	0.000000
4	0	agua	12.000000	0.000000
4	0	agua	12.000000	0.000000
2	0	pan	20.000000	0.000000
2	0	pan	20.000000	0.000000
4	0	agua	12.000000	0.000000
4	0	agua	12.000000	0.000000
0	0	coca	15.000000	0.000000
0	0	coca	15.000000	0.000000
1	0	leche	15.000000	0.000000
1	0	leche	15.000000	0.000000
3	0	galletas	22.000000	0.000000
3	0	galletas	22.000000	0.000000
1	0	leche	15.000000	0.000000
1	0	leche	15.000000	0.000000
0	0	coca	15.000000	0.000000
0	0	coca	15.000000	0.000000
3	0	galletas	22.000000	0.000000
3	0	galletas	22.000000	0.000000
0	0	coca	15.000000	0.000000
0	0	coca	15.000000	0.000000
3	0	galletas	22.000000	0.000000
3	0	galletas	22.000000	0.000000
3	0	galletas	22.000000	0.000000
3	0	galletas	22.000000	0.000000
4	0	agua	12.000000	0.000000
4	0	agua	12.000000	0.000000
4	0	agua	12.000000	0.000000
4	0	agua	12.000000	0.000000
4	0	agua	12.000000	0.000000
4	0	agua	12.000000	0.000000
3	0	galletas	22.000000	0.000000
3	0	galletas	22.000000	0.000000
1	0	leche	15.000000	0.000000
1	0	leche	15.000000	0.000000
2	0	pan	20.000000	0.000000
2	0	pan	20.000000	0.000000
4	0	agua	12.000000	0.000000
4	0	agua	12.000000	0.000000
1	0	leche	15.000000	0.000000
1	0	leche	15.000000	0.000000
3	0	galletas	22.000000	0.000000
3	0	galletas	22.000000	0.000000
0	0	coca	15.000000	0.000000
0	0	coca	15.000000	0.000000
0	0	coca	15.000000	0.000000
0	0	coca	15.000000	0.000000
3	0	galletas	22.000000	0.000000
3	0	galletas	22.000000	0.000000
0	0	coca	15.000000	0.000000
0	0	coca	15.000000	0.000000
2	0	pan	20.000000	0.000000
2	0	pan	20.000000	0.000000
3	0	galletas	22.000000	0.000000
3	0	galletas	22.000000	0.000000
3	0	galletas	22.000000	0.000000
3	0	galletas	22.000000	0.000000
0	0	coca	15.000000	0.000000
0	0	coca	15.000000	0.000000
0	0	coca	15.000000	0.000000
0	0	coca	15.000000	0.000000
0	0	coca	15.000000	0.000000
0	0	coca	15.000000	0.000000
1	0	leche	15.000000	0.000000
1	0	leche	15.000000	0.000000
2	0	pan	20.000000	0.000000
2	0	pan	20.000000	0.000000
3	0	galletas	22.000000	0.000000
3	0	galletas	22.000000	0.000000
0	0	coca	15.000000	0.000000
0	0	coca	15.000000	0.000000
4	0	agua	12.000000	0.000000
4	0	agua	12.000000	0.000000
3	0	galletas	22.000000	0.000000
3	0	galletas	22.000000	0.000000
4	0	agua	12.000000	0.000000
4	0	agua	12.000000	0.000000
3	0	galletas	22.000000	0.000000
3	0	galletas	22.000000	0.000000
1	0	leche	15.000000	0.000000
1	0	leche	15.000000	0.000000
0	0	coca	15.000000	0.000000
0	0	coca	15.000000	0.000000
4	0	agua	12.000000	0.000000
4	0	agua	12.000000	0.000000
2	0	pan	20.000000	0.000000
2	0	pan	20.000000	0.000000
3	0	galletas	22.000000	0.000000
3	0	galletas	22.000000	0.000000
3	0	galletas	22.000000	0.000000
3	0	galletas	22.000000	0.000000
1	0	leche	15.000000	0.000000
1	0	leche	15.000000	0.000000
3	0	galletas	22.000000	0.000000
3	0	galletas	22.000000	0.000000
4	0	agua	12.000000	0.000000
4	0	agua	12.000000	0.000000
3	0	galletas	22.000000	0.000000
3	0	galletas	22.000000	0.000000
4	0	agua	12.000000	0.000000
4	0	agua	12.000000	0.000000
0	0	coca	15.000000	0.000000
0	0	coca	15.000000	0.000000
0	0	coca	15.000000	0.000000
0	0	coca	15.000000	0.000000
2	0	pan	20.000000	0.000000
2	0	pan	20.000000	0.000000
3	0	galletas	22.000000	0.000000
3	0	galletas	22.000000	0.000000
2	0	pan	20.000000	0.000000
2	0	pan	20.000000	0.000000
3	0	galletas	22.000000	0.000000
3	0	galletas	22.000000	0.000000
1	0	leche	15.000000	0.000000
1	0	leche	15.000000	0.000000
2	0	pan	20.000000	0.000000
2	0	pan	20.000000	0.000000
2	0	pan	20.000000	0.000000
2	0	pan	20.000000	0.000000
1	0	leche	15.000000	0.000000
1	0	leche	15.000000	0.000000
4	0	agua	12.000000	0.000000
4	0	agua	12.000000	0.000000
1	0	leche	15.000000	0.000000
1	0	leche	15.000000	0.000000
0	0	coca	15.000000	0.000000
0	0	coca	15.000000	0.000000
4	0	agua	12.000000	0.000000
4	0	agua	12.000000	0.000000
2	0	pan	20.000000	0.000000
2	0	pan	20.000000	0.000000
3	0	galletas	22.000000	0.000000
3	0	galletas	22.000000	0.000000
2	0	pan	20.000000	0.000000
2	0	pan	20.000000	0.000000
1	0	leche	15.000000	0.000000
1	0	leche	15.000000	0.000000
1	0	leche	15.000000	0.000000
1	0	leche	15.000000	0.000000
0	0	coca	15.000000	0.000000
0	0	coca	15.000000	0.000000
2	0	pan	20.000000	0.000000
2	0	pan	20.000000	0.000000
1	0	leche	15.000000	0.000000
1	0	leche	15.000000	0.000000
Subtotal:0.000000
IVA:0.000000
Total:0.000000----------------------------------------------
¡GRACIAS POR SU COMPRA, VUELVE PRONTO!
----------------------------------------------

TICKET DE COMPRA 2018270555
----------------------------------------------
#Producto	Cantidad	Nombre	Precio	Total
2	0	pan	20.000000	0.000000
2	0	pan	20.000000	0.000000
2	0	pan	20.000000	0.000000
2	0	pan	20.000000	0.000000
4	0	agua	12.000000	0.000000
4	0	agua	12.000000	0.000000
0	0	coca	15.000000	0.000000
0	0	coca	15.000000	0.000000
3	0	galletas	22.000000	0.000000
3	0	galletas	22.000000	0.000000
2	0	pan	20.000000	0.000000
2	0	pan	20.000000	0.000000
0	0	coca	15.000000	0.000000
0	0	coca	15.000000	0.000000
4	0	agua	12.000000	0.000000
4	0	agua	12.000000	0.000000
0	0	coca	15.000000	0.000000
0	0	coca	15.000000	0.000000
3	0	galletas	22.000000	0.000000
3	0	galletas	22.000000	0.000000
4	0	agua	12.000000	0.000000
4	0	agua	12.000000	0.000000
4	0	agua	12.000000	0.000000
4	0	agua	12.000000	0.000000
2	0	pan	20.000000	0.000000
2	0	pan	20.000000	0.000000
4	0	agua	12.000000	0.000000
4	0	agua	12.000000	0.000000
1	0	leche	15.000000	0.000000
1	0	leche	15.000000	0.000000
2	0	pan	20.000000	0.000000
2	0	pan	20.000000	0.000000
0	0	coca	15.000000	0.000000
0	0	coca	15.000000	0.000000
0	0	coca	15.000000	0.000000
0	0	coca	15.000000	0.000000
1	0	leche	15.000000	0.000000
1	0	leche	15.000000	0.000000
0	0	coca	15.000000	0.000000
0	0	coca	15.000000	0.000000
4	0	agua	12.000000	0.000000
4	0	agua	12.000000	0.000000
0	0	coca	15.000000	0.000000
0	0	coca	15.000000	0.000000
2	0	pan	20.000000	0.000000
2	0	pan	20.000000	0.000000
2	0	pan	20.000000	0.000000
2	0	pan	20.000000	0.000000
1	0	leche	15.000000	0.000000
1	0	leche	15.000000	0.000000
3	0	galletas	22.000000	0.000000
3	0	galletas	22.000000	0.000000
3	0	galletas	22.000000	0.000000
3	0	galletas	22.000000	0.000000
3	0	galletas	22.000000	0.000000
3	0	galletas	22.000000	0.000000
3	0	galletas	22.000000	0.000000
3	0	galletas	22.000000	0.000000
3	0	galletas	22.000000	0.000000
3	0	galletas	22.000000	0.000000
4	0	agua	12.000000	0.000000
4	0	agua	12.000000	0.000000
4	0	agua	12.000000	0.000000
4	0	agua	12.000000	0.000000
4	0	agua	12.000000	0.000000
4	0	agua	12.000000	0.000000
4	0	agua	12.000000	0.000000
4	0	agua	12.000000	0.000000
0	0	coca	15.000000	0.000000
0	0	coca	15.000000	0.000000
1	0	leche	15.000000	0.000000
1	0	leche	15.000000	0.000000
0	0	coca	15.000000	0.000000
0	0	coca	15.000000	0.000000
3	0	galletas	22.000000	0.000000
3	0	galletas	22.000000	0.000000
2	0	pan	20.000000	0.000000
2	0	pan	20.000000	0.000000
2	0	pan	20.000000	0.000000
2	0	pan	20.000000	0.000000
0	0	coca	15.000000	0.000000
0	0	coca	15.000000	0.000000
2	0	pan	20.000000	0.000000
2	0	pan	20.000000	0.000000
0	0	coca	15.000000	0.000000
0	0	coca	15.000000	0.000000
4	0	agua	12.000000	0.000000
4	0	agua	12.000000	0.000000
0	0	coca	15.000000	0.000000
0	0	coca	15.000000	0.000000
1	0	leche	15.000000	0.000000
1	0	leche	15.000000	0.000000
4	0	agua	12.000000	0.000000
4	0	agua	12.000000	0.000000
0	0	coca	15.000000	0.000000
0	0	coca	15.000000	0.000000
1	0	leche	15.000000	0.000000
1	0	leche	15.000000	0.000000
2	0	pan	20.000000	0.000000
2	0	pan	20.000000	0.000000
2	0	pan	20.000000	0.000000
2	0	pan	20.000000	0.000000
0	0	coca	15.000000	0.000000
0	0	coca	15.000000	0.000000
1	0	leche	15.000000	0.000000
1	0	leche	15.000000	0.000000
1	0	leche	15.000000	0.000000
1	0	leche	15.000000	0.000000
3	0	galletas	22.000000	0.000000
3	0	galletas	22.000000	0.000000
2	0	pan	20.000000	0.000000
2	0	pan	20.000000	0.000000
2	0	pan	20.000000	0.000000
2	0	pan	20.000000	0.000000
4	0	agua	12.000000	0.000000
4	0	agua	12.000000	0.000000
0	0	coca	15.000000	0.000000
0	0	coca	15.000000	0.000000
1	0	leche	15.000000	0.000000
1	0	leche	15.000000	0.000000
1	0	leche	15.000000	0.000000
1	0	leche	15.000000	0.000000
1	0	leche	15.000000	0.000000
1	0	leche	15.000000	0.000000
0	0	coca	15.000000	0.000000
0	0	coca	15.000000	0.000000
2	0	pan	20.000000	0.000000
2	0	pan	20.000000	0.000000
3	0	galletas	22.000000	0.000000
3	0	galletas	22.000000	0.000000
0	0	coca	15.000000	0.000000
0	0	coca	15.000000	0.000000
0	0	coca	15.000000	0.000000
0	0	coca	15.000000	0.000000
2	0	pan	20.000000	0.000000
2	0	pan	20.000000	0.000000
0	0	coca	15.000000	0.000000
0	0	coca	15.000000	0.000000
1	0	leche	15.000000	0.000000
1	0	leche	15.000000	0.000000
1	0	leche	15.000000	0.000000
1	0	leche	15.000000	0.000000
3	0	galletas	22.000000	0.000000
3	0	galletas	22.000000	0.000000
0	0	coca	15.000000	0.000000
0	0	coca	15.000000	0.000000
0	0	coca	15.000000	0.000000
0	0	coca	15.000000	0.000000
1	0	leche	15.000000	0.000000
1	0	leche	15.000000	0.000000
3	0	galletas	22.000000	0.000000
3	0	galletas	22.000000	0.000000
4	0	agua	12.000000	0.000000
4	0	agua	12.000000	0.000000
2	0	pan	20.000000	0.000000
2	0	pan	20.000000	0.000000
4	0	agua	12.000000	0.000000
4	0	agua	12.000000	0.000000
1	0	leche	15.000000	0.000000
1	0	leche	15.000000	0.000000
3	0	galletas	22.000000	0.000000
3	0	galletas	22.000000	0.000000
4	0	agua	12.000000	0.000000
4	0	agua	12.000000	0.000000
0	0	coca	15.000000	0.000000
0	0	coca	15.000000	0.000000
4	0	agua	12.000000	0.000000
4	0	agua	12.000000	0.000000
0	0	coca	15.000000	0.000000
0	0	coca	15.000000	0.000000
3	0	galletas	22.000000	0.000000
3	0	galletas	22.000000	0.000000
2	0	pan	20.000000	0.000000
2	0	pan	20.000000	0.000000
2	0	pan	20.000000	0.000000
2	0	pan	20.000000	0.000000
0	0	coca	15.000000	0.000000
0	0	coca	15.000000	0.000000
1	0	leche	15.000000	0.000000
1	0	leche	15.000000	0.000000
1	0	leche	15.000000	0.000000
1	0	leche	15.000000	0.000000
1	0	leche	15.000000	0.000000
1	0	leche	15.000000	0.000000
4	0	agua	12.000000	0.000000
4	0	agua	12.000000	0.000000
0	0	coca	15.000000	0.000000
0	0	coca	15.000000	0.000000
1	0	leche	15.000000	0.000000
1	0	leche	15.000000	0.000000
4	0	agua	12.000000	0.000000
4	0	agua	12.000000	0.000000
4	0	agua	12.000000	0.000000
4	0	agua	12.000000	0.000000
1	0	leche	15.000000	0.000000
1	0	leche	15.000000	0.000000
1	0	leche	15.000000	0.000000
1	0	leche	15.000000	0.000000
4	0	agua	12.000000	0.000000
4	0	agua	12.000000	0.000000
3	0	galletas	22.000000	0.000000
3	0	galletas	22.000000	0.000000
2	0	pan	20.000000	0.000000
2	0	pan	20.000000	0.000000
3	0	galletas	22.000000	0.000000
3	0	galletas	22.000000	0.000000
1	0	leche	15.000000	0.000000
1	0	leche	15.000000	0.000000
0	0	coca	15.000000	0.000000
0	0	coca	15.000000	0.000000
0	0	coca	15.000000	0.000000
0	0	coca	15.000000	0.000000
4	0	agua	12.000000	0.000000
4	0	agua	12.000000	0.000000
0	0	coca	15.000000	0.000000
0	0	coca	15.000000	0.000000
4	0	agua	12.000000	0.000000
4	0	agua	12.000000	0.000000
3	0	galletas	22.000000	0.000000
3	0	galletas	22.000000	0.000000
4	0	agua	12.000000	0.000000
4	0	agua	12.000000	0.000000
0	0	coca	15.000000	0.000000
0	0	coca	15.000000	0.000000
0	0	coca	15.000000	0.000000
0	0	coca	15.000000	0.000000
3	0	galletas	22.000000	0.000000
3	0	galletas	22.000000	0.000000
1	0	leche	15.000000	0.000000
1	0	leche	15.000000	0.000000
1	0	leche	15.000000	0.000000
1	0	leche	15.000000	0.000000
0	0	coca	15.000000	0.000000
0	0	coca	15.000000	0.000000
3	0	galletas	22.000000	0.000000
3	0	galletas	22.000000	0.000000
0	0	coca	15.000000	0.000000
0	0	coca	15.000000	0.000000
4	0	agua	12.000000	0.000000
4	0	agua	12.000000	0.000000
2	0	pan	20.000000	0.000000
2	0	pan	20.000000	0.000000
2	0	pan	20.000000	0.000000
2	0	pan	20.000000	0.000000
1	0	leche	15.000000	0.000000
1	0	leche	15.000000	0.000000
2	0	pan	20.000000	0.000000
2	0	pan	20.000000	0.000000
Subtotal:0.000000
IVA:0.000000
Total:0.000000----------------------------------------------
¡GRACIAS POR SU COMPRA, VUELVE PRONTO!
----------------------------------------------

TICKET DE COMPRA 1028578358
----------------------------------------------
#Producto	Cantidad	Nombre	Precio	Total
3	0	galletas	22.000000	0.000000
3	0	galletas	22.000000	0.000000
4	0	agua	12.000000	0.000000
4	0	agua	12.000000	0.000000
4	0	agua	12.000000	0.000000
4	0	agua	12.000000	0.000000
4	0	agua	12.000000	0.000000
4	0	agua	12.000000	0.000000
0	0	coca	15.000000	0.000000
0	0	coca	15.000000	0.000000
4	0	agua	12.000000	0.000000
4	0	agua	12.000000	0.000000
3	0	galletas	22.000000	0.000000
3	0	galletas	22.000000	0.000000
2	0	pan	20.000000	0.000000
2	0	pan	20.000000	0.000000
2	0	pan	20.000000	0.000000
2	0	pan	20.000000	0.000000
2	0	pan	20.000000	0.000000
2	0	pan	20.000000	0.000000
3	0	galletas	22.000000	0.000000
3	0	galletas	22.000000	0.000000
3	0	galletas	22.000000	0.000000
3	0	galletas	22.000000	0.000000
3	0	galletas	22.000000	0.000000
3	0	galletas	22.000000	0.000000
4	0	agua	12.000000	0.000000
4	0	agua	12.000000	0.000000
4	0	agua	12.000000	0.000000
4	0	agua	12.000000	0.000000
4	0	agua	12.000000	0.000000
4	0	agua	12.000000	0.000000
1	0	leche	15.000000	0.000000
1	0	leche	15.000000	0.000000
3	0	galletas	22.000000	0.000000
3	0	galletas	22.000000	0.000000
1	0	leche	15.000000	0.000000
1	0	leche	15.000000	0.000000
0	0	coca	15.000000	0.000000
0	0	coca	15.000000	0.000000
4	0	agua	12.000000	0.000000
4	0	agua	12.000000	0.000000
4	0	agua	12.000000	0.000000
4	0	agua	12.000000	0.000000
4	0	agua	12.000000	0.000000
4	0	agua	12.000000	0.000000
3	0	galletas	22.000000	0.000000
3	0	galletas	22.000000	0.000000
3	0	galletas	22.000000	0.000000
3	0	galletas	22.000000	0.000000
2	0	pan	20.000000	0.000000
2	0	pan	20.000000	0.000000
2	0	pan	20.000000	0.000000
2	0	pan	20.000000	0.000000
3	0	galletas	22.000000	0.000000
3	0	galletas	22.000000	0.000000
3	0	galletas	22.000000	0.000000
3	0	galletas	22.000000	0.000000
4	0	agua	12.000000	0.000000
4	0	agua	12.000000	0.000000
2	0	pan	20.000000	0.000000
2	0	pan	20.000000	0.000000
1	0	leche	15.000000	0.000000
1	0	leche	15.000000	0.000000
0	0	coca	15.000000	0.000000
0	0	coca	15.000000	0.000000
1	0	leche	15.000000	0.000000
1	0	leche	15.000000	0.000000
3	0	galletas	22.000000	0.000000
3	0	galletas	22.000000	0.000000
3	0	galletas	22.000000	0.000000
3	0	galletas	22.000000	0.000000
1	0	leche	15.000000	0.000000
1	0	leche	15.000000	0.000000
2	0	pan	20.000000	0.000000
2	0	pan	20.000000	0.000000
1	0	leche	15.000000	0.000000
1	0	leche	15.000000	0.000000
0	0	coca	15.000000	0.000000
0	0	coca	15.000000	0.000000
2	0	pan	20.000000	0.000000
2	0	pan	20.000000	0.000000
4	0	agua	12.000000	0.000000
4	0	agua	12.000000	0.000000
1	0	leche	15.000000	0.000000
1	0	leche	15.000000	0.000000
0	0	coca	15.000000	0.000000
0	0	coca	15.000000	0.000000
3	0	galletas	22.000000	0.000000
3	0	galletas	22.000000	0.000000
1	0	leche	15.000000	0.000000
1	0	leche	15.000000	0.000000
0	0	coca	15.000000	0.000000
0	0	coca	15.000000	0.000000
0	0	coca	15.000000	0.000000
0	0	coca	15.000000	0.000000
4	0	agua	12.000000	0.000000
4	0	agua	12.000000	0.000000
0	0	coca	15.000000	0.000000
0	0	coca	15.000000	0.000000
2	0	pan	20.000000	0.000000
2	0	pan	20.000000	0.000000
3	0	galletas	22.000000	0.000000
3	0	galletas	22.000000	0.000000
0	0	coca	15.000000	0.000000
0	0	coca	15.000000	0.000000
2	0	pan	20.000000	0.000000
2	0	pan	20.000000	0.000000
3	0	galletas	22.000000	0.000000
3	0	galletas	22.000000	0.000000
1	0	leche	15.000000	0.000000
1	0	leche	15.000000	0.000000
1	0	leche	15.000000	0.000000
1	0	leche	15.000000	0.000000
1	0	leche	15.000000	0.000000
1	0	leche	15.000000	0.000000
0	0	coca	15.000000	0.000000
0	0	coca	15.000000	0.000000
4	0	agua	12.000000	0.000000
4	0	agua	12.000000	0.000000
0	0	coca	15.000000	0.000000
0	0	coca	15.000000	0.000000
0	0	coca	15.000000	0.000000
0	0	coca	15.000000	0.000000
1	0	leche	15.000000	0.000000
1	0	leche	15.000000	0.000000
0	0	coca	15.000000	0.000000
0	0	coca	15.000000	0.000000
0	0	coca	15.000000	0.000000
0	0	coca	15.000000	0.000000
3	0	galletas	22.000000	0.000000
3	0	galletas	22.000000	0.000000
0	0	coca	15.000000	0.000000
0	0	coca	15.000000	0.000000
1	0	leche	15.000000	0.000000
1	0	leche	15.000000	0.000000
3	0	galletas	22.000000	0.000000
3	0	galletas	22.000000	0.000000
3	0	galletas	22.000000	0.000000
3	0	galletas	22.000000	0.000000
3	0	galletas	22.000000	0.000000
3	0	galletas	22.000000	0.000000
1	0	leche	15.000000	0.000000
1	0	leche	15.000000	0.000000
3	0	galletas	22.000000	0.000000
3	0	galletas	22.000000	0.000000
1	0	leche	15.000000	0.000000
1	0	leche	15.000000	0.000000
1	0	leche	15.000000	0.000000
1	0	leche	15.000000	0.000000
0	0	coca	15.000000	0.000000
0	0	coca	15.000000	0.000000
0	0	coca	15.000000	0.000000
0	0	coca	15.000000	0.000000
2	0	pan	20.000000	0.000000
2	0	pan	20.000000	0.000000
2	0	pan	20.000000	0.000000
2	0	pan	20.000000	0.000000
0	0	coca	15.000000	0.000000
0	0	coca	15.000000	0.000000
3	0	galletas	22.000000	0.000000
3	0	galletas	22.000000	0.000000
3	0	galletas	22.000000	0.000000
3	0	galletas	22.000000	0.000000
4	0	agua	12.000000	0.000000
4	0	agua	12.000000	0.000000
3	0	galletas	22.000000	0.000000
3	0	galletas	22.000000	0.000000
Subtotal:0.000000
IVA:0.000000
Total:0.000000----------------------------------------------
¡GRACIAS POR SU COMPRA, VUELVE PRONTO!
----------------------------------------------

